CENSOS ECONOMICOS DE 19885 - MUNICIPIOS
EERAXSLLEXSENEEASSLESESEEEEEEEE ELES LER SAE ELRKCAEECKELLLSSEESESCEEACSACEPEES ARLETE
3- CONFRONTO DE VARIAVEIS SELECIONADAS DO CENSO COMERCIAL DE 1980 E 1985
(CONTINUA)
EIFELCEREEAEESEA EESC RLEEELEEKESERLEEREEESESELTLESLHEEREAS RELEASE EESC CESSAR RR
a *
* CENSO DE 1985 2
* *
REFLEX ESELEEEASEESLEANELEEEXESEEELECISEEEESEESEESECECECSSECEALEEXE AA RCE HESAEESSESEEREESA AL EEEAECLSEESEES LA ERTE A
, x" x Ed a
a , * PESSOAL OCUPADO EM 31-12-1885 = ANO DE 1985 a
Ea * * * a NUM,
x * RESREFREECALEELEEEEELLEREERE LESTE TETE
+ x ” * a + z
, NUMERO DE + x * . * z RECEITAS * DE
* * x = * SALARIOS, * *
x EMPRESAS z NUMERO DE * * »o. ERRRESCESFELRESERET EAR
a a * * a RETIRADAS * * * OR-
x coM SEDE a ESTABELE- a * , * a *
* * a x LIGADO A a E OUTRAS x , VENDAS DE >
x No , CIMENTOS * TOTAL + la . - TOTAL a a DEM
* x E x COMERCIALIZAÇÃO = REMUNERAÇÕES = a MERCADORIAS N
+ MUNICIPIO . E z É a * x *
a , a * * * = =
* 2 a * FEELREICESESEAE CSLL EEE EEE EEE '
x x a ” = E
* a * * z (MIL CRUZEIROS) s
* * * * .* “ E
EEE EEE EEE EEE ELE EEE EEE ELLE LECCE
320 356 1 624 sos 12 125 103 205 47E Basa 205 74E 291 185
7 915 8 774 38 978 22 262 364 145 55E 6 461 628 332 8 337 256 394 190
7 649 8 332 33 738 15 615 291 035 987 5 156 489 265 5 090 678 565 191
2 906 2 976 7 865 2 871 60 714 122 61º 693 905 617 794 056 192
624 675 2 308 1 232 19 128 495 261 666 165 25º 495 106 153
1 610 + 6885 5 83º 3 O55 38 001 801 36º 308 221 367 485 954 194
221 335 2 450 1 886 21 707 455 306 BCE O65< 307 O3C 807 185
532 SB6 2 861 1 7€7 24 702 985 482 ES 682 445 ASI 434 19E
550 617 4 039 2 260 44 OOE 015 987 827 1%1 957 727 376 197
181 221 1 455 8Bo 22 751 747 49E 342 211 481 610 314 198
317 ate 2 517 1 833 24 680 150 934 545 950 929 446 154 199
137 153 595 352 4 515 272 as 522 594 45 140 464 200
138 154 2 44E + 982 2c 225 200 565 484 435 564 265 706 201 .
9 10 47 3º 487 166 11 731: 663 10 513 91E 207
384 427 1 207 571 s 251 523 97 546 669 85 940 736 203
35 35 116 [13 863 960 5 490 567 Ss 434 567 204
266 426 “ B71 3 437 64 783 099 2 296 O7E 520 3 246 577 s29 205
72 123 1 469 1 045 20 223 257 952 245 055 912 563 977 206
ARE 152 1 599 1 oso 17 S14 6873 638 161 667 633 583 838 207
2º 34 281 184 3 684 025 133 Z84 046 132 246 495 205
8 12 169 116 2 585 768 77 464 704 77 460 704 209
1 1 (a) (A) (X) (a) (A) 210
18 25 aza 315 4 138 E77 10Z 575 718 101 823 712 211
2 12 103 84 1 264 5091 47 O5E 29º 46 989 482 <12
8 14 299 177 5 T7E 139 115 397 79€ 112 897 226 213
9 38 390 312 7 82º 055 + 201 292 212 1 178 320 075 214
4 6 as 35 650 585 10 031 450 10 031 450 215
2 3 61 53 520 584 33 490 502 33 490 502 216
2 4 (D) tD) (x) (B) (B) 217
1 B12 2 089 12 O14 5 161 135 844 464 3 019 407 182 2 961 460 436 216
1732 1 967 11 060 6 938 103 270 002 1 814 822 934 1 789 047 552 219
679 704 1 956 737 15 587 110 155 640 685 15E 195 445 22€
130 149 762 492 E 910 1772 BO 345 579 78 454 330 221
351 387 251 1 52º 15 021 3985 16B C92 532 167 357 049 222
80 113 1 000 760 10 246 291 146 046 036 143 S10 415 223
119 138 987 669 S 102 156 187 814 557 18º 271 890 era
121 145 1 487 617 20 364 187 SEE ada 780 543 914 542 2285
a2 48 357 198 4 B57 625 93 308 489 Bs 253 713 226
22 42 45s 349 “742 522 147 218 8€1 145 65€ 21€ 227
47 SE 353 258 3 164 583 32 765 804 52 459 020 226
11 37 678 765 E 695 71: 194 398 557 194 288 553 225
2 2 (D) (Cc) (X) (c) (Cc) 230
118 137 : 543 318 “ 614 985 41 747 708 41 029 19€ 231
9 9 tD) (D) (x) (B) (B) 232.
[:10) 124 1 73 1 216 25 945 140 1 195 324 645 1 172 417 BB4 233
12 17 Be as 1 336 335 32 071 187 31 217 437 234
30 35 554 3ss 7 813 412 2€1 523 412 261 257 393 235
15 16 191 +19 z 030 264 75 065 477 . 74 974 7565 236
3 6 110 72 2 272 100 70 25º BS5SE 7O 258 g5E 257
1 1 (A) (a) (x) (AS (A) 238
9 14 195 138 + 651 E21 3º 555 39€ 38 905 388 239
1 E 74 56 865 225 37 495 281 37 470 062 240
4 B 201 123 4 7E2 803 87 10€ 0534 86 317 163 241
- s 228 156 4 O52 333 555 187 274 534 268 406 242
Zz 4 36 sz 528 122 8 454 0O5E 6 a54 056 243
1 2 (D) (D) (XxX) (D) (D) Qua
2 3 2z3 18 150 472 3 824 710 3 921 108 245
673 735 4 330 2 714 35 502 954 847 042 617 824 689 431 246
642 699 35 594 2 240 27 45€ 225 540 098 293 529 647 411 247
55 61 628 334 5 969 25E 126 351 272 119 611 281 248
15 17 210 150 3 789 705 E1 496 430 5e B28 189 249
27 32 331 267 N 2 564 137, 114 347 615 113 941 925 250
546 589 2 425 1 489 o 15 136 125 237 902 976 23€ 266 016 251
30 39 7% aTa 7 882 270 306 944 324 295 042 020 252
508 585 3 375 2 070 35 815 055 1 068 5617 450 1 056 682 022 253
483 544 2 647 + 602 27 040 038 535 420 846 622 683 078 254
57 68 5os 321 5 277 882 123 220 874 117 305 327 255
PÃO) 27 259 154 5 768 078 115 961 775 111 282 522 256
5 12 201 174 2 285 566 98 93 240 96 938 240 257
401 437 1 678 ss3 13 704 512 197 2º5 95º 196 152 s9c 258
25 42 703 a68 8 12º 575 533 386 602 533 006 943 2585
46 4€ s3 23 + 018 222 7 540 035 7 383 711 “260
Edo) 46 242 144 1 B3B 018 87 572 653 87 482 653 261
39
